0100
0200
0300
0400
0500
0600
0700
0800
0900
0A00
0B00
0C00
0D00
0E00
0F00
1000
1100
1200
1300
1400
1500
1600
1700
1800
1900
1A00
1B00
1C00
1D00
1E00
1F00
2000
2100
2200
2300
2400
2500
2600
2700
2800
2900
2A00
2B00
2C00
2D00
2E00
2F00
3000
3100
3200
3300
3400
3500
3600
3700
3800
3900
3A00
3B00
3C00
3D00
3E00
3F00
4000
4100
4200
4300
4400
4500
4600
4700
4800
4900
4A00
4B00
4C00
4D00
4E00
4F00
5000
5100
5200
5300
5400
5500
5600
5700
5800
5900
5A00
5B00
5C00
5D00
5E00
5F00
6000
6100
6200
6300
6400
6500
6600
6700
6800
6900
6A00
6B00
6C00
6D00
6E00
6F00
7000
7100
7200
7300
7400
7500
7600
7700
7800
7900
7A00
7B00
7C00
7D00
7E00
7F00
7FFF
7F00
7E00
7D00
7C00
7B00
7A00
7900
7800
7700
7600
7500
7400
7300
7200
7100
7000
6F00
6E00
6D00
6C00
6B00
6A00
6900
6800
6700
6600
6500
6400
6300
6200
6100
6000
5F00
5E00
5D00
5C00
5B00
5A00
5900
5800
5700
5600
5500
5400
5300
5200
5100
5000
4F00
4E00
4D00
4C00
4B00
4A00
4900
4800
4700
4600
4500
4400
4300
4200
4100
4000
3F00
3E00
3D00
3C00
3B00
3A00
3900
3800
3700
3600
3500
3400
3300
3200
3100
3000
2F00
2E00
2D00
2C00
2B00
2A00
2900
2800
2700
2600
2500
2400
2300
2200
2100
2000
1F00
1E00
1D00
1C00
1B00
1A00
1900
1800
1700
1600
1500
1400
1300
1200
1100
1000
0F00
0E00
0D00
0C00
0B00
0A00
0900
0800
0700
0600
0500
0400
0300
0200
0100
0000
